Station     DD MM   YYYY    RAD     Tmin    Tmax    HUM     WIND    RAIN    ETref
*           nr nr   nr      kJ/m2   C       C       kPa     m/s     mm      mm
************************************************************************
'karaj'       24      10    2018 16079.0    10.6    23.4     0.7     3.3     0.0   -99.9
'karaj'       25      10    2018 15552.0    13.0    26.3     0.7     2.3     0.0   -99.9
'karaj'       26      10    2018  4874.0    16.3    21.5     1.4     3.3     7.8   -99.9
'karaj'       27      10    2018 15556.0    13.0    21.8     1.2     3.3     4.1   -99.9
'karaj'       28      10    2018  5874.0     6.0    11.7     1.0     3.7     0.0   -99.9
'karaj'       29      10    2018 13375.0     5.9    13.9     1.0     4.0     0.0   -99.9
'karaj'       30      10    2018 13371.0     6.0    15.4     0.7     2.3     0.0   -99.9
'karaj'       31      10    2018 16104.0     6.6    17.6     0.6     2.3     0.0   -99.9
'karaj'        1      11    2018 15412.0     5.4    16.0     0.7     2.0     0.0   -99.9
'karaj'        2      11    2018 13936.0     6.5    16.0     0.7     1.3     0.0   -99.9
'karaj'        3      11    2018 11653.0     5.0    13.8     0.7     1.7     0.0   -99.9
'karaj'        4      11    2018 12541.0     7.5    15.3     0.6     3.0     0.0   -99.9
'karaj'        5      11    2018  6097.0     5.9    14.6     0.4     0.7     0.0   -99.9
'karaj'        6      11    2018  1587.0     7.2    11.1     0.7     2.0    10.6   -99.9
'karaj'        7      11    2018  9143.0     4.4    10.4     0.9     3.3     0.7   -99.9
'karaj'        8      11    2018  9448.0     6.3    13.5     0.9     0.7     2.4   -99.9
'karaj'        9      11    2018  9498.0     7.5    15.4     1.0     3.0     0.3   -99.9
'karaj'       10      11    2018 11220.0     6.4    15.1     1.0     2.7     0.0   -99.9
'karaj'       11      11    2018  6319.0     7.9    15.5     1.0     2.7     0.2   -99.9
'karaj'       12      11    2018  2159.0     6.7    11.6     1.1     1.3     5.7   -99.9
'karaj'       13      11    2018  1810.0     7.1     8.7     1.0     2.3     7.1   -99.9
'karaj'       14      11    2018  4496.0     5.3    10.4     0.8     2.7     6.6   -99.9
'karaj'       15      11    2018  2275.0     5.0    10.1     0.8     1.7     2.0   -99.9
'karaj'       16      11    2018  2267.0     5.7     9.8     0.9     1.7     2.0   -99.9
'karaj'       17      11    2018  1436.0     4.8    14.9     0.9     3.0     0.0   -99.9
'karaj'       18      11    2018 11625.0     0.0    15.7     0.7     1.3     0.0   -99.9
'karaj'       19      11    2018 12573.0     3.6    14.6     0.8     1.7     0.0   -99.9
'karaj'       20      11    2018 12572.0     3.6    13.5     0.8     1.0     0.0   -99.9
'karaj'       21      11    2018 12236.0     3.2    15.2     0.7     2.0     0.0   -99.9
'karaj'       22      11    2018 10485.0     7.4    14.5     0.7     3.3     0.0   -99.9
'karaj'       23      11    2018  5083.0     9.0    15.0     0.9     1.7     9.7   -99.9
'karaj'       24      11    2018  3441.0     6.3     8.1     0.9     3.7    14.4   -99.9
'karaj'       25      11    2018  1156.0     5.3     7.4     1.0     2.7     2.9   -99.9
'karaj'       26      11    2018  9901.0     6.0    11.6     0.9     4.0     0.0   -99.9
'karaj'       27      11    2018 13057.0     3.1    11.6     0.6     3.3     0.0   -99.9
'karaj'       28      11    2018 12510.0     2.3    13.1     0.7     1.3     0.0   -99.9
'karaj'       29      11    2018 11360.0     4.5    14.8     0.8     1.0     0.0   -99.9
'karaj'       30      11    2018  9803.0     6.4    14.0     0.8     1.0     0.0   -99.9
'karaj'        1      12    2018  8572.0     8.1    13.9     0.8     2.0     0.6   -99.9
'karaj'        2      12    2018  6948.0     5.0    15.0     0.8     3.0     0.0   -99.9
'karaj'        3      12    2018 10996.0     4.0    14.8     0.7     1.3     0.0   -99.9
'karaj'        4      12    2018 10256.0     7.3    15.2     0.8     1.3     0.0   -99.9
'karaj'        5      12    2018  7344.0     8.1    13.9     0.8     1.7     0.1   -99.9
'karaj'        6      12    2018  3062.0     7.1    12.1     1.0     1.0     9.2   -99.9
'karaj'        7      12    2018  6394.0     5.2    10.8     0.8     1.0     0.0   -99.9
'karaj'        8      12    2018  2138.0     4.0    11.4     0.7     4.0     0.0   -99.9
'karaj'        9      12    2018  6996.0     2.1    10.6     0.7     2.7     1.2   -99.9
'karaj'       10      12    2018  6874.0     3.2    10.0     0.7     2.7     0.0   -99.9
'karaj'       11      12    2018 11857.0     3.1    11.2     0.6     3.0     0.0   -99.9
'karaj'       12      12    2018 12316.0     0.6    13.9     0.5     2.3     0.0   -99.9
'karaj'       13      12    2018 11563.0     7.1    17.5     0.3     1.7     0.0   -99.9
'karaj'       14      12    2018 10165.0     6.4    12.5     0.6     2.3     0.0   -99.9
'karaj'       15      12    2018 11670.0     2.8    12.4     0.5     3.0     0.0   -99.9
'karaj'       16      12    2018 10892.0     5.2    12.9     0.5     1.3     0.0   -99.9
'karaj'       17      12    2018  5867.0     5.9    11.1     0.7     4.0     6.8   -99.9
'karaj'       18      12    2018  3954.0     4.9     9.9     0.8     2.7     1.8   -99.9
'karaj'       19      12    2018 11370.0     1.5    11.4     0.7     1.0     0.0   -99.9
'karaj'       20      12    2018  7345.0     3.4     9.3     0.7     2.7    15.5   -99.9
'karaj'       21      12    2018  5393.0     3.7     5.9     0.8     2.3     0.0   -99.9
'karaj'       22      12    2018  2518.0    -0.6     6.0     0.6     3.3     0.0   -99.9
'karaj'       23      12    2018 11636.0    -0.8     7.1     0.6     2.3     0.0   -99.9
'karaj'       24      12    2018  9075.0     1.3     9.0     0.4     2.0     0.0   -99.9
'karaj'       25      12    2018 11596.0     3.1     8.8     0.6     4.7     0.0   -99.9
'karaj'       26      12    2018 12002.0     1.3    14.5     0.4     1.3     0.0   -99.9
'karaj'       27      12    2018  7666.0     4.5    10.1     0.4     2.3     0.0   -99.9
'karaj'       28      12    2018  2750.0     5.6    10.1     0.7     2.0     0.4   -99.9
'karaj'       29      12    2018 11390.0     1.2     8.4     0.6     3.7     3.1   -99.9
'karaj'       30      12    2018 10007.0     1.4     9.7     0.5     1.3     0.0   -99.9
'karaj'       31      12    2018 11226.0     1.2     8.9     0.5     3.3     0.0   -99.9