Station     DD MM   YYYY    RAD     Tmin    Tmax    HUM     WIND    RAIN    ETref
*           nr nr   nr      kJ/m2   C       C       kPa     m/s     mm      mm
************************************************************************
'karaj'        1       1    2019 10989.0     1.5     8.9     0.5     2.7     0.0   -99.9
'karaj'        2       1    2019  4334.0     0.0     9.0     0.5     0.0     0.4   -99.9
'karaj'        3       1    2019   449.0     0.1     6.6     0.7     2.3    18.4   -99.9
'karaj'        4       1    2019 11898.0    -1.6     7.8     0.5     4.7     0.0   -99.9
'karaj'        5       1    2019 10673.0     0.2    11.3     0.5     2.0     1.2   -99.9
'karaj'        6       1    2019  5389.0     2.1     7.9     0.7     2.3     0.0   -99.9
'karaj'        7       1    2019 11837.0    -2.2    12.8     0.5     4.7     0.0   -99.9
'karaj'        8       1    2019 12454.0    -1.2    11.4     0.3     3.3     0.0   -99.9
'karaj'        9       1    2019  5945.0     1.9    11.8     0.5     2.0     0.0   -99.9
'karaj'       10       1    2019 12980.0     1.2     5.9     0.4     4.7     0.0   -99.9
'karaj'       11       1    2019 12113.0    -5.5     7.1     0.3     0.3     0.0   -99.9
'karaj'       12       1    2019 11186.0    -1.5     6.5     0.4     1.3     0.0   -99.9
'karaj'       13       1    2019  4446.0    -3.0     5.6     0.4     2.7     2.6   -99.9
'karaj'       14       1    2019  6460.0     0.3     8.1     0.7     2.3     3.4   -99.9
'karaj'       15       1    2019 12377.0     2.0    11.1     0.6     4.0     0.0   -99.9
'karaj'       16       1    2019 12131.0     4.2    14.8     0.6     3.3     1.0   -99.9
'karaj'       17       1    2019  2443.0     0.2     9.9     0.7     5.3    25.6   -99.9
'karaj'       18       1    2019 13932.0    -2.2     3.9     0.5     4.0     0.0   -99.9
'karaj'       19       1    2019 11080.0    -3.7     3.6     0.4     3.0     0.0   -99.9
'karaj'       20       1    2019 13732.0    -3.4     5.5     0.4     1.3     0.0   -99.9
'karaj'       21       1    2019 12944.0    -4.9     7.4     0.3     1.3     0.0   -99.9
'karaj'       22       1    2019 13393.0    -5.2     8.2     0.4     2.0     0.0   -99.9
'karaj'       23       1    2019 13668.0    -2.8     8.6     0.4     0.7     0.0   -99.9
'karaj'       24       1    2019 12260.0    -0.8    10.0     0.4     2.3     0.0   -99.9
'karaj'       25       1    2019  7654.0     2.0    10.5     0.5     3.3     0.1   -99.9
'karaj'       26       1    2019 13001.0     1.3    12.8     0.5     2.0     0.0   -99.9
'karaj'       27       1    2019 10715.0     5.3    15.9     0.7     3.0     7.4   -99.9
'karaj'       28       1    2019  1602.0     7.1    11.3     1.0     2.0    10.0   -99.9
'karaj'       29       1    2019  8704.0     3.8    11.7     0.8     6.3     0.3   -99.9
'karaj'       30       1    2019 13991.0     0.9    10.8     0.6     2.0     0.0   -99.9
'karaj'       31       1    2019  9365.0     4.8    13.5     0.5     2.3     0.0   -99.9
'karaj'        1       2    2019 14781.0     3.5    11.2     0.5     4.7     0.0   -99.9
'karaj'        2       2    2019  8877.0     1.3    11.7     0.6     2.3     0.2   -99.9
'karaj'        3       2    2019  4766.0     3.4     4.6     0.7     4.3     0.4   -99.9
'karaj'        4       2    2019 13019.0    -2.0     6.9     0.6     4.7     0.0   -99.9
'karaj'        5       2    2019 15475.0    -2.8     8.1     0.4     1.7     0.0   -99.9
'karaj'        6       2    2019 15972.0    -3.6    10.0     0.4     2.3     0.0   -99.9
'karaj'        7       2    2019 12534.0    -1.8    10.7     0.4     0.7     0.0   -99.9
'karaj'        8       2    2019  9148.0     0.7    12.2     0.5     1.7     0.0   -99.9
'karaj'        9       2    2019  4860.0     4.2    10.6     0.7     2.0     1.1   -99.9
'karaj'       10       2    2019 15448.0     2.5    11.7     0.6     3.7     0.0   -99.9
'karaj'       11       2    2019  3793.0     2.9     9.3     0.9     3.0     3.3   -99.9
'karaj'       12       2    2019 14671.0     0.4     9.7     0.6     4.7     0.0   -99.9
'karaj'       13       2    2019 17440.0    -1.7    10.7     0.4     2.7     0.0   -99.9
'karaj'       14       2    2019 16824.0    -1.5    13.6     0.3     1.0     0.0   -99.9
'karaj'       15       2    2019  8758.0     4.5    12.5     0.6     2.7     0.1   -99.9
'karaj'       16       2    2019 14262.0     5.2    10.9     0.7     5.0     5.8   -99.9
'karaj'       17       2    2019 14993.0     1.2     8.2     0.5     5.0     0.0   -99.9
'karaj'       18       2    2019 17513.0    -2.6     8.6     0.4     3.0     0.0   -99.9
'karaj'       19       2    2019 13459.0    -1.4     9.0     0.4     7.0     0.0   -99.9
'karaj'       20       2    2019 18927.0    -4.4     9.0     0.3     1.7     0.0   -99.9
'karaj'       21       2    2019 17870.0     0.8     9.9     0.4     2.7     0.0   -99.9
'karaj'       22       2    2019 15544.0     2.0    10.7     0.4     2.0     0.0   -99.9
'karaj'       23       2    2019 17771.0    -1.4    12.3     0.4     1.7     0.0   -99.9
'karaj'       24       2    2019 17966.0    -2.2    13.0     0.5     2.7     0.0   -99.9
'karaj'       25       2    2019 18461.0     1.7    12.0     0.4     3.7     0.0   -99.9
'karaj'       26       2    2019 18141.0    -0.2    12.4     0.4     1.0     0.0   -99.9
'karaj'       27       2    2019  4845.0     6.0    10.5     0.6     2.0     1.3   -99.9
'karaj'       28       2    2019 10168.0     2.8    11.4     0.6     2.3     0.3   -99.9
'karaj'        1       3    2019  9615.0     4.7     9.0     0.7     1.3     5.4   -99.9
'karaj'        2       3    2019 20482.0     0.4    10.3     0.5     4.3     0.0   -99.9
'karaj'        3       3    2019 20609.0     2.2    11.9     0.4     4.3     0.0   -99.9
'karaj'        4       3    2019 18135.0     2.5    14.6     0.5     2.0     0.1   -99.9
'karaj'        5       3    2019 20505.0     1.7    13.8     0.5     4.0     0.0   -99.9
'karaj'        6       3    2019 17856.0     2.7    14.6     0.4     2.3     0.0   -99.9
'karaj'        7       3    2019 17142.0     3.7    13.8     0.4     2.3     0.0   -99.9
'karaj'        8       3    2019  8758.0     3.0    11.5     0.7     5.7     1.4   -99.9
'karaj'        9       3    2019 12993.0     0.7    10.5     0.6     5.0     0.0   -99.9
'karaj'       10       3    2019 19884.0    -2.4    12.3     0.4     1.3     0.0   -99.9
'karaj'       11       3    2019 17577.0     4.4    13.2     0.5     2.7     0.0   -99.9
'karaj'       12       3    2019 21440.0    -1.4    15.5     0.4     2.7     0.0   -99.9
'karaj'       13       3    2019 19682.0     7.1    17.7     0.4     2.0     0.0   -99.9
'karaj'       14       3    2019 14177.0     8.6    18.2     0.5     2.7     0.0   -99.9
'karaj'       15       3    2019  5028.0     8.3    11.8     0.9     1.7    15.0   -99.9
'karaj'       16       3    2019 22238.0     2.6    14.7     0.6     4.7     0.0   -99.9
'karaj'       17       3    2019  5062.0     7.8    13.5     0.9     3.0    16.8   -99.9
'karaj'       18       3    2019 17765.0     1.6    11.7     0.6     7.0     0.0   -99.9
'karaj'       19       3    2019 23114.0    -0.3    12.3     0.6     3.0     1.1   -99.9
'karaj'       20       3    2019 12035.0     1.6    10.1     0.6     4.7     0.0   -99.9
'karaj'       21       3    2019 17341.0     0.2    10.4     0.5     2.7     0.0   -99.9
'karaj'       22       3    2019 24798.0    -2.4    12.8     0.5     2.7     0.0   -99.9
'karaj'       23       3    2019 22199.0     6.4    14.5     0.5     3.7     0.0   -99.9
'karaj'       24       3    2019 11860.0     8.3    14.9     0.6     2.7     4.5   -99.9
'karaj'       25       3    2019  2391.0     7.6    13.5     1.1     2.0    24.2   -99.9
'karaj'       26       3    2019  4097.0     5.2    10.2     1.0     3.0    15.8   -99.9
'karaj'       27       3    2019 16423.0     4.0    12.0     0.8     3.7     0.0   -99.9
'karaj'       28       3    2019 17161.0     4.0    12.5     0.6     4.7     1.9   -99.9
'karaj'       29       3    2019 23778.0     4.3    14.4     0.6     1.3     0.8   -99.9
'karaj'       30       3    2019 21025.0     8.3    16.4     0.7     1.7     0.1   -99.9
'karaj'       31       3    2019  8031.0     9.6    16.6     1.0     1.7    33.2   -99.9
'karaj'        1       4    2019  2315.0     8.0    14.5     1.1     3.7    13.8   -99.9
'karaj'        2       4    2019 21992.0     7.0    14.1     0.7     3.3     0.0   -99.9
'karaj'        3       4    2019 24245.0     4.1    15.6     0.6     2.3     0.1   -99.9
'karaj'        4       4    2019 15982.0     6.5    17.4     0.7     2.7     0.1   -99.9
'karaj'        5       4    2019 23873.0     5.8    19.9     0.7     1.3     0.5   -99.9
'karaj'        6       4    2019 21779.0     7.0    19.4     0.9     7.0     2.2   -99.9
'karaj'        7       4    2019 10027.0    10.3    17.6     1.2     1.3     6.2   -99.9
'karaj'        8       4    2019 24234.0     9.1    18.1     1.0     4.3     0.0   -99.9
'karaj'        9       4    2019 24723.0     5.9    19.1     0.8     2.3     0.1   -99.9
'karaj'       10       4    2019 25894.0     8.0    19.2     0.7     3.0     0.0   -99.9
'karaj'       11       4    2019 23711.0     8.4    21.5     0.9     2.3     1.0   -99.9
'karaj'       12       4    2019 12853.0    10.6    19.8     1.1     2.7     5.4   -99.9
'karaj'       13       4    2019 26025.0     5.6    18.8     0.8     4.3     0.0   -99.9
'karaj'       14       4    2019 26528.0     5.0    19.2     0.8     3.3     0.0   -99.9
'karaj'       15       4    2019 26261.0     3.9    22.4     0.5     3.3     0.0   -99.9
'karaj'       16       4    2019 17158.0     6.4    22.3     0.6     0.7     0.0   -99.9
'karaj'       17       4    2019 18807.0    13.8    23.8     0.7     4.0     0.0   -99.9
'karaj'       18       4    2019  8524.0    12.0    20.0     0.9     2.7     6.2   -99.9
'karaj'       19       4    2019 14704.0     2.4    19.6     1.0     0.3     0.2   -99.9
'karaj'       20       4    2019 19126.0     5.5    17.9     0.8     4.0     0.0   -99.9
'karaj'       21       4    2019 27754.0     1.6    19.3     0.6     1.7     0.2   -99.9
'karaj'       22       4    2019 11047.0     2.4    13.7     0.8     2.3     3.1   -99.9
'karaj'       23       4    2019 11556.0     0.1    11.9     0.6     5.0     0.0   -99.9
'karaj'       24       4    2019 25241.0    -1.1    13.1     0.5     2.7     0.0   -99.9
'karaj'       25       4    2019 21153.0     1.6    14.2     0.5     2.7     0.0   -99.9
'karaj'       26       4    2019 25945.0     3.1    16.3     0.5     2.7     0.0   -99.9
'karaj'       27       4    2019 25551.0     4.1    18.3     0.5     2.3     0.0   -99.9
'karaj'       28       4    2019 22077.0    10.5    19.5     0.6     3.0     0.0   -99.9
'karaj'       29       4    2019 27303.0     8.3    21.2     0.7     2.3     0.1   -99.9
'karaj'       30       4    2019 21002.0    12.2    21.2     1.0     5.0     0.0   -99.9
'karaj'        1       5    2019 24559.0     5.8    24.0     0.7     0.0     0.0   -99.9
'karaj'        2       5    2019 24660.0    13.2    26.1     0.8     1.7     0.0   -99.9
'karaj'        3       5    2019 20174.0    14.0    26.3     0.8     2.7     0.1   -99.9
'karaj'        4       5    2019 15045.0    11.8    27.5     1.0     2.7     1.3   -99.9
'karaj'        5       5    2019 22221.0    13.6    26.8     1.0     2.0     0.0   -99.9
'karaj'        6       5    2019 27901.0     9.8    26.5     0.6     2.7     0.0   -99.9
'karaj'        7       5    2019 22188.0    11.5    27.1     0.7     2.0     0.0   -99.9
'karaj'        8       5    2019 24780.0    11.9    27.6     0.9     3.7     0.0   -99.9
'karaj'        9       5    2019 25861.0    11.7    29.0     1.1     2.0     1.9   -99.9
'karaj'       10       5    2019 17514.0    14.4    37.8     2.0     5.3     6.3   -99.9
'karaj'       11       5    2019 28064.0    10.4    25.5     1.0     3.7     0.0   -99.9
'karaj'       12       5    2019 28808.0     9.9    27.2     0.7     3.0     0.0   -99.9
'karaj'       13       5    2019 28646.0    13.5    28.8     0.9     3.0     0.0   -99.9
'karaj'       14       5    2019 25953.0    14.3    28.3     1.1     2.3     0.0   -99.9
'karaj'       15       5    2019 28123.0    13.5    27.1     0.9     2.3     0.0   -99.9
'karaj'       16       5    2019 29115.0    11.1    27.3     0.8     3.3     0.0   -99.9
'karaj'       17       5    2019 28179.0    11.1    27.7     0.9     3.3     0.0   -99.9
'karaj'       18       5    2019 29152.0    12.9    28.6     0.8     2.7     0.0   -99.9
'karaj'       19       5    2019 24771.0    14.3    29.6     1.0     2.3     0.0   -99.9
'karaj'       20       5    2019 22929.0    16.2    28.6     1.1     5.3     0.0   -99.9
'karaj'       21       5    2019 22458.0    14.0    27.6     1.2     4.0     0.8   -99.9
'karaj'       22       5    2019 27164.0    10.6    23.6     1.1     3.0     0.0   -99.9
'karaj'       23       5    2019 26938.0    11.8    27.7     1.0     2.3     0.0   -99.9
'karaj'       24       5    2019 27445.0    14.2    30.6     1.0     3.3     0.0   -99.9
'karaj'       25       5    2019 25349.0    14.2    31.7     0.9     2.3     2.3   -99.9
'karaj'       26       5    2019 17567.0    15.4    31.7     1.0     2.3     0.0   -99.9
'karaj'       27       5    2019 23135.0    20.5    33.2     1.3     2.3     0.0   -99.9
'karaj'       28       5    2019 29142.0    13.2    30.9     1.0     2.3     0.0   -99.9
'karaj'       29       5    2019 29833.0    12.9    29.5     1.1     4.0     0.0   -99.9
'karaj'       30       5    2019 26165.0    13.0    27.8     1.0     4.0     0.0   -99.9
'karaj'       31       5    2019 29079.0    11.6    26.1     0.8     3.3     0.0   -99.9
'karaj'        1       6    2019 28898.0    12.6    27.1     1.1     2.7     0.0   -99.9
'karaj'        2       6    2019 28517.0    14.6    29.0     0.7     1.3     0.0   -99.9
'karaj'        3       6    2019 28392.0    16.1    30.1     0.8     0.7     0.0   -99.9
'karaj'        4       6    2019 27841.0    17.7    32.3     0.7     1.7     0.0   -99.9
'karaj'        5       6    2019 28713.0    20.7    34.1     0.8     2.7     0.0   -99.9
'karaj'        6       6    2019 28775.0    20.5    37.2     0.8     1.7     0.0   -99.9
'karaj'        7       6    2019 24371.0    21.4    36.6     0.9     2.3     0.0   -99.9
'karaj'        8       6    2019 26525.0    22.3    36.7     1.1     2.3     0.0   -99.9
'karaj'        9       6    2019 28374.0    17.6    34.5     0.9     3.7     0.0   -99.9
'karaj'       10       6    2019 27909.0    18.1    32.2     1.2     3.0     0.0   -99.9
'karaj'       11       6    2019 27769.0    16.2    32.5     1.1     1.3     0.0   -99.9
'karaj'       12       6    2019 25993.0    17.0    34.1     1.1     3.3     0.0   -99.9
'karaj'       13       6    2019 28719.0    17.5    34.9     1.0     1.7     0.0   -99.9
'karaj'       14       6    2019 28860.0    18.5    34.4     0.9     2.3     0.0   -99.9
'karaj'       15       6    2019 28723.0    17.8    33.5     0.9     3.3     0.0   -99.9
'karaj'       16       6    2019 28560.0    17.1    35.5     0.7     2.3     0.0   -99.9
'karaj'       17       6    2019 28508.0    20.2    36.3     0.9     2.7     0.0   -99.9
'karaj'       18       6    2019 27796.0    18.9    35.5     0.8     1.0     0.0   -99.9
'karaj'       19       6    2019 27839.0    18.1    35.2     1.1     3.0     0.0   -99.9
'karaj'       20       6    2019 28172.0    18.5    34.9     0.9     4.3     0.0   -99.9
'karaj'       21       6    2019 28180.0    19.0    37.4     1.0     4.3     0.0   -99.9
'karaj'       22       6    2019 20755.0    17.2    35.7     1.0     3.0     0.0   -99.9
'karaj'       23       6    2019 67739.0    19.9    37.3     1.1     3.0     0.0   -99.9
'karaj'       24       6    2019 28154.0    26.0    38.0     0.8     3.7     0.0   -99.9
'karaj'       25       6    2019 28513.0    27.2    37.8     1.2     3.0     0.0   -99.9
'karaj'       26       6    2019 28323.0    21.1    38.0     1.0     2.0     0.0   -99.9
'karaj'       27       6    2019 27253.0    21.1    35.5     1.1     3.0     0.0   -99.9
